1
10115
10125
10126
10127
10130
10132
10134
10135
10143
10280
10281
10282
10283
10284
10285
10289
10296
10297
10440
10442
1078
1083
1084
1086
1104
1105
1106
1112
1113
1116
1118
1120
1130
1132
1236
1240
1241
1242
1244
1263
1264
1265
1268
1269
1270
1271
1272
1274
1280
1281
1283
1284
1285
1286
13
1389
1390
1391
1392
1396
1398
14
1421
1425
1434
1435
1437
15
154
1544
1545
1546
1547
1548
1550
1553
1554
1571
1572
1573
1574
1575
1577
1582
1589
1590
1591
1592
1595
1598
16
163
166
167
168
169
1700
1702
1703
1705
1708
1709
1710
1725
1726
1727
1729
1744
1745
1748
1750
1751
1752
1753
1755
176
179
18
180
182
184
185
1855
1857
1858
1859
1863
1864
1866
1879
188
1880
189
1892
19
1901
1902
192
194
196
199
20
200
2010
2013
2016
2017
2018
2020
2021
2022
203
204
2042
2043
2044
2045
2047
2048
205
2051
2052
2057
2058
206
2061
2062
2063
2064
207
209
210
211
212
2164
2167
2170
2172
2174
2175
2176
2178
2195
2196
2197
2198
22
2200
2202
2203
2204
2205
2207
2211
2212
2214
2215
2216
2217
2218
2219
2220
23
2318
2319
2321
2322
2324
2326
2327
2328
2334
2335
2346
2348
2349
2350
2351
2352
2354
2355
2357
2359
2360
2365
2366
2371
2373
2374
2375
24
2473
2474
2480
2482
2483
2484
2489
2490
2491
2493
2494
2495
2502
2503
2506
2507
2508
2509
2510
2511
2513
2516
2522
2524
2525
2527
2529
2530
2531
2623
2629
2634
2636
2638
2641
2642
2645
2646
2647
2649
2650
2652
2655
2656
2657
2658
2660
2661
2662
2663
2673
2674
2681
2682
2685
27
2785
2786
2798
28
2800
2801
2802
2803
2805
2808
2811
2812
2813
2815
2816
2820
2823
2825
2828
2829
2831
2832
2836
2839
29
2935
2936
2938
2942
2944
2947
2951
2953
2957
2958
2959
2961
2964
2965
2966
2967
2968
2969
2971
2972
2973
2974
2976
2977
2978
2983
2984
2986
2989
2990
2992
2993
308
3089
309
3090
3098
31
3102
3104
3105
3110
3111
3112
3114
3115
3116
3117
3118
3119
3121
3122
3123
3124
3126
3128
3129
3131
3134
3135
3137
3138
3141
3142
3143
3146
3148
3149
3150
318
321
323
3256
326
3261
3262
3264
3266
3268
3269
327
3270
3271
3272
3274
3275
3276
3278
3280
3282
3283
3287
3288
3293
3294
3297
3298
3299
33
3300
3302
3304
3307
3308
333
334
335
336
337
338
339
34
3410
3413
3416
3417
3419
3421
3422
3423
3424
3425
3426
3427
3428
3429
343
3430
3432
3435
3437
3438
3439
3442
3444
3446
3447
3448
345
3451
3452
3453
3454
3455
3457
346
3461
3462
3463
3465
347
35
356
3569
357
3570
3572
3576
3578
3580
3582
3584
3587
3588
3591
3596
3598
3601
3602
3603
3605
3606
3608
361
3611
3613
3617
3618
362
3620
363
364
366
367
3725
3726
3727
3728
3729
3731
3732
3734
3735
3738
3743
3750
3752
3753
3755
3761
3762
3763
3767
3768
3769
3771
3773
3774
3777
38
3880
3881
3882
3883
3885
3887
3889
3891
3892
3895
3899
3901
3902
3903
3905
3907
3908
3909
3911
3912
3915
3916
3917
3919
3924
3928
3929
3930
3933
3934
40
4037
4038
4039
4040
4043
4045
4049
4051
4052
4053
4060
4069
4074
4076
4077
4078
4079
4080
4081
4082
4083
4085
41
4194
4197
4199
4201
4202
4204
4205
4206
4207
4214
4217
4218
4220
4221
4225
4228
4231
4237
4238
4241
4356
4357
4358
4360
4361
4362
4363
4364
4365
4366
4369
4370
4371
4372
4373
4374
4376
4377
4379
4383
4384
4387
4389
4393
4396
45
4511
4512
4513
4516
4517
4519
4520
4521
4522
4525
4526
4529
4530
4532
4533
4534
4536
4537
4539
4543
4544
4545
4547
46
462
463
4670
4672
4673
4674
4675
4677
4678
468
4680
4681
4684
4686
4687
4688
4691
4692
4693
4694
4695
4697
4698
4699
4701
4702
476
478
48
481
4828
4829
4831
4832
4836
4837
4839
4840
4842
4844
4845
4847
4849
4852
4853
4854
4856
489
490
491
4919
4923
4924
496
497
498
4982
4984
4986
4989
4991
4992
4993
4994
4995
4996
4997
4999
50
500
5006
5008
501
5011
502
503
507
5071
5072
5075
5078
508
51
512
513
5138
5140
5141
5143
5144
5146
5147
5148
5149
515
5151
5152
5153
5156
5157
5158
5159
5162
5165
5166
517
518
519
52
5225
5226
5227
5228
5229
5231
5232
5233
5292
5293
5295
5296
5297
5313
5314
5315
5316
5317
5319
5323
5324
5325
5371
5372
5380
5382
5383
5385
5387
5448
5449
5450
5452
5453
5459
5461
5462
5463
5464
5466
5468
5470
5473
5475
5476
5477
5478
5479
5480
5481
5523
5526
5530
5533
5534
5535
5536
5537
5539
5542
5543
56
5603
5604
5605
5606
5607
5608
5611
5613
5614
5615
5616
5618
5619
5621
5625
5626
5628
5629
5630
5631
5634
5636
5637
5638
5676
5678
5679
5683
5684
5690
5692
5693
5694
5697
57
5756
5757
5758
5762
5764
5765
5766
5767
5770
5771
5772
5774
5776
5777
5778
5781
5782
5783
5785
5786
5788
5789
5790
5792
5793
5795
5796
58
5831
5833
5835
5837
5838
5839
5843
5845
5846
5847
5848
5849
5850
5911
5913
5914
5915
5916
5917
5920
5921
5922
5924
5925
5926
5928
5931
5938
5944
5948
5949
5950
5951
5952
5983
5984
5985
5990
5991
5993
5997
5999
6000
6002
6003
6004
6067
6075
6077
6079
6080
6081
6083
6085
6086
6088
6089
6090
6094
6095
6096
6097
6098
6099
6100
6101
6102
6103
6105
6106
6137
6138
6139
6140
6141
6147
6148
6152
6155
6156
6157
6159
616
617
621
6219
622
6220
6226
6227
6228
6231
6232
6233
6237
6241
6243
6245
6246
6247
6248
6250
6251
6253
6255
6256
6260
6261
6263
6264
6292
6293
6294
6296
6299
6301
6302
6303
6306
6307
6308
6309
631
6312
632
635
636
6380
6382
6384
6386
6387
6388
6390
6391
6392
6393
6394
6396
6398
6400
6401
6402
6406
6407
6408
641
6410
6412
6418
6419
642
643
644
645
6455
6456
6457
6462
6463
6464
648
651
6533
6535
6536
6537
6538
654
6540
6541
6542
6545
6546
6549
6550
6551
6552
6553
6554
6556
6557
6559
656
6560
6561
6562
6564
6565
6566
6567
6569
657
6570
6571
6572
6574
658
6607
6609
6611
6617
6619
6621
663
664
669
6690
6692
6693
6695
6696
6699
6701
6702
6703
6704
6705
6707
671
6710
6712
6716
6717
672
6720
6721
6722
6723
6725
6727
6729
673
6730
674
6761
6762
6765
6766
6767
6768
6772
6775
6840
6841
6842
6843
6845
6847
6848
6850
6853
6855
6856
6857
6860
6864
6865
6867
6868
6869
6872
6873
6876
6877
6878
6883
6884
6886
6887
6896
6898
6899
6901
6903
6909
6912
6913
6916
6917
6919
6920
6922
6923
6924
6925
6927
6994
6999
7001
7002
7004
7005
7009
7014
7015
7018
7019
7020
7022
7024
7025
7026
7027
7028
7029
7031
7032
7033
7036
7037
7038
7039
7043
7044
7045
7047
7048
7050
7051
7052
7053
7055
7057
7062
7064
7067
7068
7069
7070
7071
7078
7079
7081
7148
7149
7150
7155
7156
7160
7163
7165
7166
7167
7168
7172
7173
7175
7176
7177
7178
7180
7182
7183
7184
7185
7188
7190
7191
7192
7193
7194
7196
7198
7200
7201
7202
7203
7204
7206
7207
7209
7211
7220
7230
7232
7233
7236
7237
7304
7305
7306
7307
7308
7313
7314
7315
7319
7320
7321
7322
7326
7327
7328
7337
7341
7344
7346
7348
7349
7353
7354
7355
7356
7357
7358
7362
7366
7374
7375
7385
7386
7387
7388
7390
7460
7463
7464
7467
7468
7469
7472
7473
7474
7476
7483
7486
7487
7488
7489
7490
7493
7494
7495
7496
7499
7500
7502
7503
7505
7507
7510
7512
7513
7514
7516
7518
7519
7535
7536
7539
7541
7614
7616
7617
7622
7624
7625
7627
7629
7639
7640
7641
7642
7643
7644
7645
7647
7649
7650
7652
7653
7655
7656
7657
7659
7660
7664
7668
7669
7671
7672
7687
7688
7693
770
772
775
776
777
7770
7771
7772
7775
7776
7778
778
7780
7781
7783
7788
7789
7791
7792
7793
7794
7795
7797
7798
7799
7800
7801
7802
7806
7807
7809
7810
7816
7817
7820
7821
7822
7823
7824
7825
7841
7842
7843
7844
7847
7924
7931
7933
7935
7936
7937
7943
7944
7946
7947
7948
7949
795
7950
7951
7952
7954
7955
7956
7957
7960
7961
7962
7964
7965
7969
797
7972
7976
7977
7978
7979
798
7980
7999
803
804
806
808
8080
8087
809
8095
8096
8097
8098
8099
810
8101
8103
8108
8109
811
8111
8114
8115
8116
8117
8119
8120
8121
8122
8123
8125
8127
8128
8129
8151
8154
822
8241
8243
8248
825
8251
8253
8254
8257
8258
8263
8264
8265
8269
8270
8271
8272
8273
8278
8279
8280
8283
8284
8286
8287
8288
8289
8299
8302
8305
8306
8310
8388
8393
8398
8399
8403
8405
8406
8407
8408
8409
8410
8411
8412
8413
8414
8416
8417
8419
8420
8421
8427
8431
8432
8433
8437
8439
8442
8443
8449
8450
8455
8456
8459
8460
8461
8463
8464
8557
8558
8560
8572
8573
8574
8580
8581
8583
8584
8585
8587
8588
8589
8590
8595
8603
8604
8606
8608
8609
8611
8613
8614
8710
8711
8712
8720
8724
8725
8726
8727
8728
8729
8731
8734
8735
8737
8738
8741
8742
8743
8745
8746
8756
8759
8762
8763
8765
8767
8871
8872
8873
8874
8875
8876
8878
8882
8888
8889
8890
8891
8892
8894
8895
8898
8900
8910
8911
8914
8916
8917
8918
8919
9026
9030
9031
9032
9034
9035
9036
9038
9047
9048
9049
9051
9052
9065
9067
9068
9069
9181
9182
9183
9185
9186
9188
9189
9190
9195
9198
9199
9206
9216
9217
9219
924
931
933
9336
9337
9338
9343
9344
9345
9346
9352
9353
9354
9355
9357
9365
9366
9372
9373
9491
9493
9494
9496
9497
9498
9499
950
9500
9504
9505
9506
9507
9508
9509
951
9511
9519
952
9528
9529
953
9530
958
963
964
9647
965
9651
9652
9653
9658
9659
966
9661
9662
9675
972
978
980
9805
9806
9812
9813
9814
9827
9828
9960
9961
9978
9980
9981
9982
9990
